商会員名,士,農,工,商,侠
🐔ののぴ,84,108,145,179,234
にぃな46,120,36,139,237,39
🐔詩音,76,20,28,22,175
🐔ゆき骨,68,25,34,25,300
🐔ぴよ権操,81,33,96,110,28
🥚母ちゃん,44,28,53,58,118
🐔mina,42,23,19,23,116
りり🍏*゜,124,39,37,70,366
華音🐔༊*,65,65,62,61,213
🐔改發純,266,11,3116,36
🐔つつこ,47,19,27,39,118
🍫欲しい薫,79,26,47,106,48
うぬ🍏༊*,174,20,24,19,23
🐔雪娘🐟,42,123,37,27,33
レナ🍏,81,32,35,27,98
🐔つくよみ,130,24,27,21,43
🐔びあ🌹,40,90,37,33,23
🐔うまるん,77,23,43,22,40
🐔天花💐,98,20,25,20,21
🐔猫田もふ,28,16,42,16,58
🐔ぴよ鉄,18,30,17,95,9
🐔夜峰樹,19,11,93,15,15
ちゃ,26,8,35,89,18
まくまくま,99,14,60,19,14
🐔幡多,36,19,25,35,42
🐔正修,36,28,35,21,18
🐔まなみ,34,10,13,17,47
🐔しらす,18,12,30,12,20
🐔かさ☂️,12,15,21,15,12
🐔ぴよ星,10,7,14,11,41
🐔歯画医帯,7,9,10,28,7
🐔猫田☺︎,14,4,6,5,9
🐔うふふ,10,4,17,6,9
🐔由梨,6,2,4,3,4
